 14138
 19096
 17538
 13308
 20218
 139327
 160094
 165341
 144195
 129984
 470853
 497060
 541443
 411074
 471402
 837867
 769921
 1025138
 953979
 849095
 1531697
 959041
 1002883
 1166598
 991347
 8
 1857
 27
 1825
 50
 93384
 105050
 120702
 77989
 73159
 300442
 478824
 327402
 415790
 423761
 896770
 883997
 838335
 794882
 793470
 1312556
 990823
 1235528
 1126239
 1074132
 0
 0
 0
 0
 0
 36149
 37783
 73860
 29427
 62698
 430694
 367251
 341960
 308119
 240899
 604038
 932729
 817669
 893322
 579904
 1044491
 1033806
 875523
 966753
 912159
 0
 0
 0
 0
 0
 2737
 1343
 5100
 136
 284
 263656
 345658
 213356
 206935
 316409
 661555
 686825
 682196
 676639
 779167
 908145
 1013308
 980914
 888366
 835952
 0
 0
 0
 0
 0
 0
 2915
 0
 232
 0
 434100
 445127
 301092
 405672
 200059
 693821
 659988
 687499
 727532
 623664
 1015002
 894155
 694089
 914274
 1099301
