 10213
 14832
 13137
 11012
 16677
 109190
 126025
 140613
 102380
 99251
 276460
 333571
 341466
 311483
 299333
 536857
 524052
 705656
 652286
 523228
 1142297
 706151
 689692
 919430
 740454
 8
 1726
 27
 1206
 50
 66590
 56162
 75567
 48406
 41430
 189692
 283008
 214930
 240345
 227590
 659261
 578215
 433091
 464266
 445019
 1048414
 763516
 894135
 769835
 734378
 0
 0
 0
 0
 0
 23737
 22546
 43371
 23580
 38475
 203244
 198396
 182445
 214234
 114750
 365381
 539766
 525738
 468034
 314305
 808205
 758376
 853320
 707393
 739689
 0
 0
 0
 0
 0
 2281
 1230
 4364
 136
 284
 136281
 188227
 126949
 146284
 139829
 414815
 440676
 455739
 382267
 475722
 698478
 760294
 890757
 781583
 591577
 0
 0
 0
 0
 0
 0
 2394
 0
 232
 0
 242291
 259955
 215970
 253482
 141955
 490549
 443087
 364867
 425135
 380360
 594741
 760216
 548885
 613215
 737495
