 77030
 68247
 60709
 53647
 63483
 239782
 234969
 235477
 231224
 203747
 505648
 572400
 599316
 489696
 492951
 920952
 852101
 1031800
 986229
 913735
 1579749
 1067858
 1108040
 1384057
 1278028
 73142
 83935
 66100
 93131
 85721
 237028
 267081
 257910
 264495
 220143
 469203
 624126
 517016
 540645
 523633
 1143295
 963852
 913702
 877570
 914101
 1449716
 1196633
 1387301
 1299757
 1199152
 88035
 84576
 98328
 125115
 96680
 282134
 262960
 319554
 234139
 298150
 577935
 544092
 609164
 561249
 412925
 752177
 941334
 1012925
 934058
 816137
 1208039
 1193006
 1186176
 1152873
 1122231
 154718
 93465
 146165
 155208
 156069
 362968
 391441
 284350
 267003
 308487
 609188
 610114
 544983
 520814
 572583
 873883
 846703
 876994
 895457
 894473
 1113760
 1239339
 1266760
 1203472
 971547
 164910
 195218
 141595
 153167
 145105
 313738
 425315
 369798
 349927
 406504
 637479
 706103
 592556
 745386
 575982
 947504
 994046
 789769
 904313
 767705
 1114667
 1184294
 920190
 1061314
 1186050
