 91.64947434890122 7
 91.62211928255012 43
 91.55584048742631 50
 91.4626886535523 57
 91.46196561215095 79
 91.38966147201589 90
 91.37254949218392 96
 91.36110133666254 106
 91.343145808529 113
 91.29879926924616 122
 91.24216102614035 155
 91.23083337751919 160
 91.17973845182375 166
 91.1766052724179 176
 91.09791426657091 183
 91.05236265828582 193
 91.05139860308401 198
 90.99162718057237 206
 90.96415160732103 210
 90.90341612960758 218
 90.8847375600727 395
 90.86111820762856 401
 90.85955161792565 410
 90.79110369859778 417
 90.776763377471 423
 90.73880370390009 430
 90.68963688860825 464
 90.67758619858573 466
 90.62010440717836 476
 90.60600509985201 479
 90.58732653031713 494
 90.55021040504779 497
 90.49333114814154 499
 90.46440949208751 510
 90.37643945492319 516
 90.37523438592093 519
 90.29678439387439 523
 90.29015651436201 525
 90.2723214931287 528
 90.18917173197337 531
 90.17832611095311 534
 90.17205975214141 540
 90.13313602336869 542
 90.10228625691107 547
 90.08830745648496 549
 90.02841552707308 557
 89.99660170541365 566
 89.98792520859745 574
 89.97322336676999 577
 89.93948143470695 580
 89.88609687790724 582
 89.83415840391021 588
 89.83271232110751 591
 89.81897453448184 594
 89.76860265018774 598
 89.71871279349456 601
 89.64785473616219 607
 89.58482962734446 610
 89.57844276163253 615
 89.52144299782606 617
 89.47251719633466 621
 89.40732296331288 624
 89.38418563846966 627
 89.3215220503526 631
 89.28898518729183 644
 89.24512067560988 649
 89.17498565967887 665
 89.16679119046357 674
 89.13859257581089 679
 89.12304718568186 690
 89.06785502537875 697
 89.00748106836598 702
 88.9696419016953 707
 88.96289351528269 709
 88.94770964585432 713
 88.93746655933519 715
 88.920234072603 720
 88.91228061718815 723
 88.86371633639742 729
 88.84768891866749 736
 88.82780528013033 754
 88.81720067291053 758
 88.81189836930062 761
 88.78815850995628 772
 88.78333823394728 775
 88.78032556144164 779
 88.74128132576871 784
 88.73742510496152 789
 88.6965732657852 792
 88.64005552957963 794
 88.62667926365464 797
 88.53268388147906 800
 88.4666461001557 802
 88.44374978911293 808
 88.41784080556452 814
 88.41735877796363 818
 88.40289794993662 825
 88.36578182466728 832
 88.36361270046322 838
 88.30564888145496 840
 88.29588782253671 843
 88.26913529068675 846
 88.20779727847217 852
 88.18152677422309 855
 88.12753968292225 899
 88.0711424536169 901
 88.03101365584193 906
 88.00438163089218 908
 87.91014523491616 910
 87.90918117971435 912
 87.88218763406392 914
 87.79108441749375 916
 87.76999570995436 917
 87.74468926090708 920
 87.73336161228592 924
 87.65671922374275 927
 87.6267130055867 928
 87.60574480494753 930
 87.55392683785074 932
 87.55031163084398 933
 87.47800749070892 935
 87.46426970408325 938
 87.44571164144858 940
 87.43269689622427 950
 87.42980473061887 953
 87.35991072848832 956
 87.3594287008874 959
 87.26639737391363 968
 87.2230148898326 971
 87.22205083463079 973
 87.16288194662026 976
 87.15179531179956 978
 87.09527757559398 986
 87.068525043744 1033
 87.06768149544243 1036
 87.05671536752195 1041
 86.99670293120984 1043
 86.96296099914682 1128
 86.89788727302525 1131
 86.8352236849082 1138
 86.80244580804697 1140
 86.78991309042355 1142
 86.74677162014297 1145
 86.66253729688562 1148
 86.60372992957576 1152
 86.59288430855551 1155
 86.5563707177873 1159
 86.53178731014138 1161
 86.51877256491707 1163
 86.4900919226635 1167
 86.44188916257345 1169
 86.42200552403631 1170
 86.34644769759517 1175
 86.34451958719156 1177
 86.33873525598075 1179
 86.26956429525154 1182
 86.24377581860337 1210
 86.20183941732503 1212
 86.16870001976314 1217
 86.11760509406768 1218
 86.09579334512694 1220
 86.01011293906689 1226
 86.0005928939491 1228
 85.97697354150499 1231
 85.97335833449823 1233
 85.91623806379154 1235
 85.85369498257471 1239
 85.77379890772545 1241
 85.73330858924982 1243
 85.7092072092048 1248
 85.65015882809449 1252
 85.64847173149134 1256
 85.60870445441707 1258
 85.54483579729775 1260
 85.5138655239399 1265
 85.43071576278457 1268
 85.36925724366978 1270
 85.36046023995334 1274
 85.30960632805835 1276
 85.29683259663449 1278
 85.22597453930211 1283
 85.16415449948664 1289
 85.09908077336509 1291
 85.04955243737257 1293
 85.02737916773114 1295
 84.99448078396969 1309
 84.96652318311746 1313
 84.96555912791567 1315
 84.95230336889091 1317
 84.94579599627875 1323
 84.89735222238825 1326
 84.82167388904689 1329
 84.77600177386157 1335
 84.76636122184357 1343
 84.7632280424377 1345
 84.73575246918638 1348
 84.69429809550896 1352
 84.6364547834009 1355
 84.56740432957191 1357
 84.54776170483522 1365
 84.50437922075417 1368
 84.43183406681867 1376
 84.4055635625696 1382
 84.32229329451404 1390
 84.26071426849902 1393
 84.17744400044347 1395
 84.1564757998043 1398
 84.04440438259495 1401
 84.01548272654092 1403
 83.98005369787474 1407
 83.96956959755515 1409
 83.93100738948313 1412
 83.89099909860839 1414
 83.86617467716201 1418
 83.82749196218975 1424
 83.81652583426927 1426
 83.77338436398868 1428
 83.73253252481237 1432
 83.69674197544552 1434
 83.60925396588209 1438
 83.58756272384157 1440
 83.54345719835918 1442
 83.53670881194657 1447
 83.53237056353846 1449
 83.50248485228263 1454
 83.46789937191804 1457
 83.39101596957441 1459
 83.38065237615506 1462
 83.38041136235461 1470
 83.3477539923936 1475
 83.32027841914228 1478
 83.31111989472517 1482
 83.20676091913023 1484
 83.13662590319922 1491
 83.1101143851497 1493
 83.10119687453303 1496
 83.07757752208892 1501
 83.05624780074908 1504
 83.04407660382634 1508
 82.96695218768227 1510
 82.91923145519313 1514
 82.86717247429588 1517
 82.83788929754118 1519
 82.78727639944663 1527
 82.7789614233311 1529
 82.73377133574668 1531
 82.71786442491697 1534
 82.67592802363863 1537
 82.66484138881792 1543
 82.5836197380662 1545
 82.58048655866035 1550
 82.50095200451177 1552
 82.48793725928746 1564
 82.4679331138501 1566
 82.46528196204514 1574
 82.41165639144498 1578
 82.38851906660176 1582
 82.37815547318239 1583
 82.33236285109686 1585
 82.2692172353789 1588
 82.25728705225661 1590
 82.20703567486274 1592
 82.16003798377496 1594
 82.12629605171192 1596
 82.11328130648761 1598
 82.02314214511922 1600
 81.95830943279812 1602
 81.92239837653104 1604
 81.82972857025793 1607
 81.79429954159176 1609
 81.79249193808838 1610
 81.7844179757733 1613
 81.73332305007784 1652
 81.68246913818285 1654
 81.59980140462842 1659
 81.55316523424132 1662
 81.51725417797424 1664
 81.50616754315352 1666
 81.44760118964412 1668
 81.38879382233426 1672
 81.32805834462081 1675
 81.27599936372357 1677
 81.2593694114925 1679
 81.23828070395311 1682
 81.22695305533195 1684
 81.22177125862227 1687
 81.19622379577454 1690
 81.19369315086982 1691
 81.17127886742794 1692
 81.16898923632367 1694
 81.10246942739941 1695
 81.07812703355394 1697
 81.06607634353144 1698
 80.97557566146237 1700
 80.9329162187827 1701
 80.89278742100772 1703
 80.88218281378792 1704
 80.83880032970688 1709
 80.8052994114443 1711
 80.77059342417947 1712
 80.72877752980136 1714
 80.68792569062505 1716
 80.61610357809089 1717
 80.61104228828142 1719
 80.60429390186881 1720
 80.57356464231142 1722
 80.53909966884704 1723
 80.53259229623488 1737
 80.48776372935114 1740
 80.44691189017483 1743
 80.34424001118305 1745
 80.30158056850335 1746
 80.27627411945608 1749
 80.17360224046429 1750
 80.12491745277335 1753
 80.09045247930896 1754
 80.00103635934194 1760
 79.99790317993609 1761
 79.94150595063073 1815
 79.87727577281075 1819
 79.86281494478374 1852
 79.86112784818059 1859
 79.78352140443562 1863
 79.71157878500122 1866
 79.6994075880785 1869
 79.61601681312271 1872
 79.58058778445654 1878
 79.5362412451737 1881
 79.49864309230347 1884
 79.4796030020679 1887
 79.43959471119317 1894
 79.43501544898461 1897
 79.37717213687655 1899
 79.34933504292455 1915
 79.30860371064847 1918
 79.29763758272799 1920
 79.27534380618634 1927
 79.26413666446541 1930
 79.23087676000328 1933
 79.17604612040085 1935
 79.07723046221626 1939
 79.05132147866787 1943
 79.02059221911047 1946
 78.96407448290489 1949
 78.92310213682835 1952
 78.85983601421017 1955
 78.8580284107068 1978
 78.76680468723639 1980
 78.68293188467972 1981
 78.6108687583451 1983
 78.59158765430908 1984
 78.57218604337284 1985
 78.50807637245309 1988
 78.47975725090019 1989
 78.43962845312522 1990
 78.36443214738476 1993
 78.32201371850552 1994
 78.28441556563529 1995
 78.25669897858351 1997
 78.23416418824142 1999
 78.22572870522566 2000
 78.20982179439595 2001
 78.18198470044395 2004
 78.16270359640794 2027
 78.11811604332465 2030
 78.0800358628535 2032
 78.02460268874995 2034
 78.0185773437387 2036
 77.96543380073943 2039
 77.86830523915799 2043
 77.85384441113098 2045
 77.79274741271685 2048
 77.78358888829975 2050
 77.7651513325653 2052
 77.73478359370857 2055
 77.73044534530047 2058
 77.62560434210462 2061
 77.59125987554047 2064
 77.53365757723287 2066
 77.52028131130788 2070
 77.4388186467557 2072
 77.40555874229358 2075
 77.38157786914878 2079
 77.32566266744433 2086
 77.29276428368289 2089
 77.23925921998294 2106
 77.21708595034151 2109
 77.20202258781337 2110
 77.17960830437151 2112
 77.14586637230848 2113
 77.10670162973531 2116
 77.10585808143374 2118
 77.09898918812091 2121
 77.084046332493 2140
 77.02909518599034 2143
 76.92726685530013 2145
 76.85399865996327 2146
 76.7984449789595 2148
 76.75891871568567 2150
 76.74988069816878 2151
 76.68794015145308 2153
 76.5987650452865 2154
 76.5493572161942 2156
 76.52597887755053 2158
 76.4615076859301 2161
 76.43740630588508 2162
 76.42668119176504 2163
 76.36413811054821 2165
 76.32003258506582 2166
 76.2891828186082 2168
 76.27375793537938 2169
 76.23796738601253 2170
 76.21627614397201 2172
 76.14276693483468 2173
 76.10577131646558 2175
 76.08865933663361 2176
 76.05756855637554 2191
 76.04190265934628 2192
 76.04081809724426 2194
 75.95381211528172 2195
 75.91549092101013 2197
 75.8643959953147 2199
 75.82715936314513 2200
 75.80595014870552 2202
 75.72930776016234 2203
 75.7256925531556 2205
 75.66158288223583 2206
 75.65302689231986 2208
 75.6138621497467 2210
 75.58807367309852 2211
 75.53673773360262 2213
 75.5092621603513 2229
 75.49359626332203 2231
 75.46780778667386 2233
 75.39321401543452 2235
 75.33380411362354 2236
 75.28680642253576 2238
 75.23800112794459 2245
 75.20847693738943 2247
 75.14521081477126 2249
 75.0902596682686 2252
 75.08784953026411 2255
 75.0868854750623 2259
 75.03771865977046 2262
 74.96975276804349 2264
 74.95529194001648 2266
 74.92444217355886 2268
 74.85225854032402 2270
 74.79682536622047 2272
 74.76477053076059 2276
 74.75296085453853 2277
 74.67643897289558 2279
 74.6366716958213 2282
 74.59654289804634 2283
 74.56882631099457 2285
 74.52496179931263 2288
 74.51628530249643 2296
 74.50146295376874 2316
 74.45723692138611 2318
 74.4413300105564 2320
 74.4374737897492 2323
 74.3813175742443 2327
 74.32202817933354 2328
 74.27262035024125 2330
 74.27129477433878 2331
 74.21730768303793 2333
 74.17284063685487 2334
 74.1538005466193 2336
 74.12246875256078 2338
 74.06209479554799 2340
 74.02823235658474 2342
 74.01051784225164 2381
 74.00846922494782 2383
 73.94544411613009 2386
 73.86759665858467 2388
 73.80975334647663 2391
 73.7904722424406 2394
 73.75070496536631 2396
 73.7251575025186 2398
 73.6944282429612 2401
 73.69394621536028 2403
 73.63803101365585 2405
 73.56403977691762 2408
 73.54150498657553 2410
 73.46992388784182 2413
 73.43425384537518 2415
 73.42413126575627 2417
 73.4026810375162 2419
 73.34387367020635 2421
 73.26915939206678 2423
 73.23457391170219 2425
 73.20360363834433 2428
 73.1669695406759 2431
 73.10430595255885 2432
 73.10069074555209 2434
 73.04863176465484 2437
 72.98090688672833 2439
 72.95029813407116 2443
 72.90101081187909 2444
 72.86473823491133 2457
 72.80906404700733 2471
 72.76917626303282 2572
 72.71470714413107 2587
 72.70470507141239 2594
 72.66108157353091 2601
 72.5751601536704 2608
 72.57009886386095 2613
 72.54937167702222 2618
 72.4993613134288 2623
 72.4187421971782 2631
 72.38500026511518 2651
 72.34354589143774 2656
 72.26377032348873 2668
 72.18905604534916 2677
 72.16736480330864 2684
 72.15410904428387 2687
 72.13530996784876 2696
 72.09216849756817 2701
 72.04517080648039 2706
 72.00853670881195 2713
 71.99612449808876 2717
 71.9713000766424 2757
 71.91827704054334 2765
 71.8432012417031 2771
 71.80210838872634 2779
 71.76716138766106 2785
 71.72233282077731 2788
 71.66665863287332 2794
 71.65942821885982 2798
 71.61339458297383 2839
 71.59061877883127 2847
 71.52337592850567 2852
 71.45504851607804 2861
 71.41287110099924 2866
 71.38732363815151 2871
 71.35526880269164 2875
 71.30983770130678 2912
 71.25295844440052 2920
 71.21126305692263 2923
 71.19222296668707 2932
 71.14016398578983 2935
 71.11485753674255 2942
 71.06111145924216 2947
 70.9950736779188 2951
 70.95988566305307 2956
 70.95506538704406 2989
 70.93433820020535 2997
 70.9297589379968 3001
 70.89384788172971 3007
 70.82347185199825 3070
 70.78201747832081 3079
 70.7718948987019 3083
 70.76972577449784 3089
 70.72815089392019 3095
 70.70766472088192 3099
 70.65729283658783 3105
 70.61523592840926 3110
 70.59426772777009 3114
 70.57016634772508 3120
 70.53377326385709 3126
 70.53353225005664 3129
 70.48990875217515 3156
 70.45761290291482 3162
 70.43772926437768 3165
 70.38820092838516 3166
 70.32915254727486 3169
 70.28685462529585 3171
 70.27130923516681 3173
 70.21876822666866 3178
 70.21358642995898 3181
 70.16490164226803 3183
 70.13839012421852 3186
 70.07729312580439 3188
 70.01270142728373 3190
 69.96727032589887 3195
 69.86508047450798 3200
 69.82314407322963 3202
 69.80193485879002 3204
 69.80000674838641 3206
 69.76144454031437 3208
 69.7279436220518 3211
 69.6463604505994 3213
 69.6170772738447 3215
 69.58719156258887 3217
 69.53694018519501 3218
 69.48777336990317 3220
 69.41812038157305 3222
 69.40040586723995 3233
 69.38052222870282 3237
 69.37799158379809 3239
 69.34437015863529 3241
 69.32605310980107 3243
 69.28966002593309 3246
 69.20072593356696 3247
 69.15903054608907 3249
 69.13456764534337 3251
 69.06515567081371 3253
 69.06407110871169 3311
 69.05443055669367 3313
 69.05370751529233 3314
 69.03177525945135 3316
 68.9974307928872 3319
 68.96573747812799 3320
 68.95501236400796 3322
 68.9110273454258 3325
 68.89584347599744 3327
 68.82619048766732 3329
 68.79003841759979 3331
 68.75292229233045 3333
 68.7464149197183 3334
 68.68604096270552 3385
 68.61204972596731 3387
 68.51443913678497 3388
 68.49214536024333 3389
 68.47165918720506 3398
 68.42056426150961 3400
 68.37284352902047 3401
 68.35597256298895 3403
 68.30897487190117 3408
 68.30246749928901 3414
 68.28824768506244 3415
 68.25233662879536 3416
 68.21040022751703 3419
 68.16412557783059 3422
 68.12315323175405 3423
 68.1023055380151 3425
 68.08037328217414 3434
 68.07121475775703 3436
 68.01132282834516 3439
 67.95034633683125 3441
 67.92829357409005 3445
 67.8896108591178 3447
 67.82068091218903 3449
 67.7830827593188 3464
 67.731264792222 3466
 67.67197539731124 3467
 67.652573786375 3469
 67.55158900398636 3473
 67.52170329273054 3474
 67.50194016109363 3480
 67.45662956660898 3482
 67.4158982343329 3485
 67.39468901989328 3487
 67.34913741160818 3489
 67.34865538400729 3491
 67.2978014721123 3496
 67.23537889779568 3499
 67.17367936488043 3501
 67.12619964619174 3503
 67.08980656232376 3504
 67.08305817591115 3509
 67.06654873058031 3512
 67.04811117484587 3518
 67.03606048482337 3523
 67.0031621010619 3541
 67.00219804586011 3545
 66.99954689405516 3550
 66.92712224701987 3552
 66.85084137917737 3568
 66.81950958511884 3573
 66.78094737704681 3580
 66.72069392693426 3584
 66.69406190198451 3590
 66.68032411535884 3596
 66.65308955590797 3599
 66.63416997257264 3605
 66.62284232395147 3610
 66.59380016099722 3617
 66.50811975493717 3620
 66.48437989559282 3626
 66.473775288373 3630
 66.47196768486964 3636
 66.38387714080508 3640
 66.3307335978058 3646
 66.31277806967226 3652
 66.24529420554622 3656
 66.20215273526563 3696
 66.19010204524311 3701
 66.15093730266994 3705
 66.0935760181628 3708
 66.00934169490544 3717
 65.94607557228727 3722
 65.87871221506144 3731
 65.83641429308243 3734
 65.8099027750329 3740
 65.8021903334185 3746
 65.7786914878746 3751
 65.74543158341247 3756
 65.71361776175304 3759
 65.64661592522788 3765
 65.62902191779501 3768
 65.59889519273874 3773
 65.54249796343339 3779
 65.4465744708542 3781
 65.3923463657529 3823
 65.30280973888564 3826
 65.26918831372285 3834
 65.20411458760128 3837
 65.1513325653027 3847
 65.10457588801535 3850
 65.06324202123814 3853
 65.00106046072199 3861
 64.96394433545265 3866
 64.89850908863042 3871
 64.8729616257827 3875
 64.84476301113001 3880
 64.76583099148257 3886
 64.69858814115696 3892
 64.67026901960406 3896
 64.648818791364 3901
 64.58615520324693 3904
 64.53759092245622 3950
 64.51963539432268 3953
 64.46986604452971 3959
 64.43154485025812 3967
 64.36767619313882 3973
 64.27139117985895 3980
 64.2600635312378 3983
 64.21041468834505 3986
 64.1799264425881 3992
 64.13967713791291 3997
 64.1002713815393 4000
 64.08376193620846 4006
 64.0647218459729 4009
 64.02941332420694 4015
 64.01073475467206 4020
 63.990489595434234 4023
 63.97759535711015 4029
 63.96361655668404 4034
 63.93951517663901 4101
 63.928428541818306 4104
 63.87347739531565 4110
 63.843350670259376 4113
 63.772733626727465 4118
 63.75911634700203 4123
 63.707057366104785 4125
 63.67271289954063 4131
 63.669097692533875 4134
 63.62161797384518 4139
 63.560159454730375 4142
 63.55473664422025 4148
 63.51400531194416 4150
 63.418322833165426 4155
 63.37373528008214 4188
 63.34264449982406 4191
 63.27491962189755 4199
 63.26335095947594 4209
 63.219486447794 4217
 63.200205343757986 4220
 63.181888294923766 4226
 63.157304887277846 4231
 63.154051200971765 4265
 63.068370794911715 4268
 63.02932655923878 4273
 62.98401596475414 4276
 62.91388094882313 4283
 62.90460191750579 4286
 62.83892565688311 4291
 62.76469340634445 4297
 62.70998327364225 4300
 62.685761386697 4302
 62.64346346471799 4340
 62.58562015260994 4343
 62.53777891322057 4350
 62.4519780002603 4353
 62.43510703422878 4358
 62.41823606819727 4362
 62.37292547371263 4365
 62.33460427944104 4367
 62.317974327209974 4371
 62.31676925820773 4374
 62.27676096733299 4378
 62.235788621256454 4382
 62.151554297999105 4385
 62.0862395580771 4388
 62.078045088861785 4391
 62.02550408036364 4395
 61.99188265520084 4398
 61.96934786485874 4401
 61.925965380777704 4404
 61.82570363979041 4407
 61.806181521953945 4410
 61.77509074169587 4414
 61.720501115893896 4417
 61.700858491157206 4420
 61.660368172681565 4422
 61.62891587172282 4426
 61.568059887109136 4429
 61.55986541789383 4436
 61.525520951329675 4437
 61.457073032001816 4439
 61.38862511267395 4441
 61.33692765247738 4442
 61.29089401659139 4444
 61.23401475968514 4447
 61.15676983664085 4448
 61.093744727823115 4450
 61.08482721720646 4452
 61.02818897410066 4453
 60.99420602823718 4455
 60.95492077876379 4457
 60.89936709776002 4458
 60.88659336633616 4570
 60.8767118005177 4575
 60.84622355476075 4583
 60.792718491060796 4590
 60.75668692789349 4593
 60.75379476228809 4599
 60.71137633340885 4606
 60.696433477780936 4609
 60.63931320707424 4615
 60.56459892893467 4620
 60.552066211311256 4625
 60.52796483126624 4631
 60.49036667839601 4636
 60.4797620711762 4641
 60.442163918305965 4659
 60.33298466670202 4664
 60.31828282487455 4669
 60.2604395127665 4673
 60.25429366085502 4682
 60.202234679957776 4686
 60.148729616257825 4692
 60.08630704194122 4699
 60.057385385887194 4702
 60.03762225425028 4708
 59.986527328554835 4715
 59.96953585562309 4754
 59.93157618205218 4763
 59.90084692249478 4769
 59.84601628289236 4773
 59.802392785010866 4780
 59.7828706671744 4785
 59.73346283808211 4790
 59.68164487098531 4827
 59.62705524518334 4837
 59.61958381736938 4842
 59.50317415175193 4850
 59.47063728869115 4853
 59.460876229772914 4861
 59.42520618730629 4867
 59.39086172074213 4872
 59.34314098825299 4876
 59.29108200735574 4882
 59.27999537253503 4888
 59.22142901902563 4891
 59.15997049991083 4897
 59.137074188868056 4900
 59.12309538844194 4927
 59.07814631465798 4935
 59.03187166497154 4940
 59.00343203651841 4979
 58.948721903816214 4993
 58.90606246113652 5001
 58.890035043406584 5004
 58.845447490323295 5011
 58.76314127746955 5018
 58.72590464529999 5024
 58.6510698602602 5027
 58.61491779019266 5034
 58.5953956723562 5039
 58.586839682440214 5042
 58.514897063005826 5049
 58.46115098550543 5054
 58.42017863942889 5060
 58.33341367126682 5064
 58.28183671797047 5069
 58.23857474078966 5073
 58.21375031934328 5081
 58.19398718770637 5169
 58.181574976983185 5174
 58.164221983350764 5180
 58.10445056083911 5185
 58.09746116062606 5188
 58.07239572537924 5193
 58.057934897352226 5201
 58.03612314841148 5205
 58.01684204437546 5211
 57.95261186655548 5217
 57.91935196209335 5221
 57.89284044404383 5227
 57.86861855709858 5232
 57.83535865263645 5236
 57.76546465050589 5241
 57.73871211865591 5245
 57.714610738610894 5251
 57.67604853053886 5256
 57.66640797852085 5259
 57.65724945410374 5265
 57.61844623223126 5269
 57.603985404204245 5429
 57.58807849337453 5434
 57.571689554943916 5439
 57.55951835802118 5443
 57.517581956742845 5449
 57.4664870310474 5452
 57.42045339516141 5459
 57.39647252201661 5464
 57.33188082349595 5469
 57.29572875342842 5473
 57.2716273733834 5509
 57.214386595776475 5515
 57.17389627730084 5518
 57.166665863287335 5524
 57.14967439035559 5527
 57.13521356232858 5544
 57.04772555276515 5550
 56.96120159840353 5553
 56.944210125471784 5557
 56.88443870296013 5560
 56.87383409574032 5568
 56.86033732291511 5571
 56.832138708262434 5577
 56.75621936112062 5581
 56.71777765994881 5586
 56.667405775654714 5589
 56.61076753254891 5592
 56.56617997946562 5598
 56.551839658338835 5603
 56.512554408865455 5605
 56.48845302882043 5607
 56.386022163629086 5610
 56.36264382498542 5612
 56.355774931672585 5614
 56.33010696192464 5616
 56.29214728835373 5619
 56.26792540140848 5621
 56.21767402401461 5624
 56.16585605691782 5626
 56.13223463175501 5627
 56.12235306593656 5631
 56.098733713492436 5633
 56.044264594590686 5639
 55.96533257494324 5645
 55.91941944595747 5649
 55.85723788544132 5656
 55.82759318798595 5660
 55.797586969829894 5667
 55.73275425750879 5669
 55.71106301546826 5670
 55.68611808712167 5673
 55.63454113382532 5675
 55.580795056324924 5677
 55.52005957861147 5683
 55.47113377712008 5685
 55.464264883807246 5687
 55.43799437955818 5689
 55.411603368408876 5693
 55.34966282169317 5694
 55.31736697243284 5698
 55.308569968716405 5700
 55.25120868420926 5701
 55.2398810355881 5705
 55.213128503738126 5706
 55.208428734629344 5708
 55.1050338142362 5725
 55.05586699894436 5732
 54.97054811358498 5735
 54.87739627971098 5738
 54.857874161874506 5739
 54.8199144883036 5742
 54.7920773943516 5744
 54.787980159743945 5746
 54.75869698298924 5751
 54.74893592407101 5753
 54.738451823751426 5756
 54.734595602944225 5758
 54.69928708117827 5760
 54.664340080112986 5764
 54.64120275526977 5766
 54.63108017565086 5768
 54.55491981470859 5770
 54.52792626905816 5772
 54.45574263582333 5774
 54.44164332849699 5777
 54.39777881681505 5779
 54.37897974037993 5782
 54.358373060441444 5784
 54.31740071436491 5786
 54.249796343338616 5788
 54.205570310956006 5791
 54.18315602751414 5793
 54.156041974963486 5795
 54.14519635394323 5796
 54.13109704661689 5800
 54.10771870797322 5802
 54.06674636189668 5805
 54.0606005099852 5807
 53.99528577006319 5809
 53.983235080040686 5812
 53.96708715541052 5814
 53.91912540912092 5821
 53.902013429288964 5826
 53.847544310387214 5828
 53.811392240319684 5829
 53.7788553772589 5834
 53.747764597000824 5835
 53.715468747740495 5838
 53.65413073552592 5840
 53.59652843721832 5842
 53.49674872383193 5844
 53.471683288585105 5846
 53.45396877425201 5850
 53.384918320423026 5852
 53.31731394939674 5854
 53.307673397378736 5856
 53.2662190237013 5858
 53.22850036393084 5860
 53.20753216329167 5862
 53.17427225882954 5864
 53.160172951503206 5867
 53.095099225381645 5869
 53.030025499260084 5871
 52.97555638035834 5873
 52.96278264893448 5875
 52.88722482249334 5876
 52.872763994466325 5878
 52.85107275242581 5880
 52.80515962344004 5882
 52.771297184476786 5884
 52.69754696153902 5886
 52.66392553637621 5887
 52.594754575647 5889
 52.566917481695 5890
 52.4814780894354 5892
 52.442072333061795 5893
 52.430142149939506 5895
 52.41134307350439 5897
 52.34506427838058 5899
 52.31228640151935 5900
 52.291318200880184 5902
 52.23299286117123 5903
 52.20479424651855 5904
 52.134659230587545 5905
 52.11417305754927 5906
 52.09609702251551 5907
 52.04500209682006 5908
 52.02114173057549 5909
 51.92473621039541 5910
 51.876774464105814 5911
 51.78012793012528 5912
 51.73674544604424 5913
 51.71360812120102 5914
 51.66275420930602 5915
 51.6328684980502 5917
 51.62322794603219 5936
 51.58683486216421 5953
 51.566228182225714 5955
 51.53453486746651 5957
 51.49199593168705 5959
 51.47114823794811 5961
 51.44704685790308 5966
 51.382455159382424 5968
 51.34401345821062 5970
 51.32015309196605 5972
 51.30472820873723 5974
 51.28195240459469 5976
 51.24351070342288 5978
 51.214950568069526 5982
 51.16060195606801 5984
 51.095528229946446 5986
 51.04081809724425 5989
 51.034792752232995 5990
 51.016475703398775 5992
 50.97622639872359 5996
 50.905127327590776 6029
 50.89970451708065 6034
 50.87222894382932 6036
 50.85632203299961 6039
 50.82016996293208 6041
 50.78377687906409 6043
 50.70544739391777 6045
 50.70147066621035 6049
 50.68508172777973 6051
 50.58530201439334 6054
 50.50865962585018 6056
 50.48540179410673 6059
 50.47347161098445 6060
 50.41201309186964 6062
 50.36597945598365 6066
 50.355013328063166 6067
 50.31657162689135 6070
 50.28548084663328 6072
 50.26101794588758 6090
 50.19003938165499 6092
 50.14183662156495 6094
 50.03856220807204 6099
 50.01180967622206 6102
 49.93299816347484 6122
 49.92769585986493 6125
 49.895400010604604 6135
 49.850812457521315 6138
 49.84888434711772 6238
 49.81514241505469 6239
 49.7177728396728 6241
 49.70728873935322 6243
 49.669931600283434 6245
 49.63884082002536 6246
 49.60823206736818 6251
 49.55737815547318 6253
 49.50146295376873 6254
 49.490737839648695 6257
 49.46073162149265 6258
 49.37565374993372 6281
 49.31672587572364 6285
 49.28708117826827 6290
 49.20224432050979 6293
 49.18633740968008 6299
 49.14813672230872 6303
 49.091016451602016 6315
 49.07390447177006 6343
 49.05052613312638 6347
 48.97304019628164 6356
 48.922909325788 6359
 48.88880587302429 6368
 48.87241693459367 6373
 48.84457984064168 6376
 48.81324804658315 6384
 48.80999436027707 6399
 48.77468583851111 6402
 48.731303354430075 6404
 48.709853126190005 6409
 48.68587225304521 6411
 48.64224875516372 6413
 48.6205575131232 6419
 48.5648833252192 6421
 48.537407751967876 6423
 48.47631075355375 6428
 48.474864670751046 6430
 48.42063656564975 6432
 48.37821813677051 6470
 48.32230293506606 6472
 48.28783796160168 6473
 48.2807280544884 6475
 48.236019994504886 6481
 48.19022737241934 6488
 48.169259171780176 6491
 48.130576456807916 6493
 48.058272316672856 6494
 48.03296586762558 6500
 47.92065343661578 6502
 47.908241225892596 6504
 47.865340769412455 6509
 47.84834929648072 6510
 47.8055693469008 6512
 47.72748087555493 6559
 47.63601613828408 6564
 47.58407766428706 6569
 47.53985163190444 6571
 47.52731891428103 6576
 47.51647329326077 6578
 47.51165301725177 6580
 47.481767305995945 6590
 47.451881594740115 6592
 47.44368712552481 6597
 47.41452445567033 6601
 47.358850267766336 6603
 47.27738760321416 6607
 47.23002839142569 6610
 47.154350058084326 6617
 47.11157010850442 6618
 47.0922890044684 6663
 47.0740924625344 6670
 47.01094684681645 6672
 46.996606525689664 6679
 46.96876943173766 6681
 46.96467219713001 6688
 46.89116298799269 6692
 46.877545708267256 6696
 46.86091575603619 6698
 46.84344225550355 6705
 46.83187359308194 6707
 46.8090977889394 6708
 46.80042129212319 6714
 46.76246161855228 6718
 46.71980217587259 6722
 46.70100309943747 6723
 46.65484895665126 6725
 46.547597815450914 6732
 46.5394033462356 6736
 46.51590450069171 6738
 46.480475472025525 6740
 46.45408446087623 6742
 46.448541143465874 6746
 46.41009944229407 6749
 46.32622663973739 6779
 46.2816390866541 6784
 46.2240367883465 6788
 46.15305822411391 6790
 46.141971589293206 6795
 46.063642104146886 6797
 46.02544141677552 6804
 45.94506331432538 6806
 45.85817783926308 6808
 45.83359443161716 6814
 45.746347435854176 6817
 45.67597140612271 6821
 45.66645136100493 6823
 45.57390206163205 6841
 45.54136519857127 6844
 45.49774170068978 6845
 45.478701610454216 6847
 45.426642629556966 6856
 45.378198855666476 6857
 45.327585957571934 6859
 45.28697513219607 6864
 45.2684170695614 6870
 45.23949541350738 6872
 45.219370761169785 6874
 45.188038967111254 6879
 45.182495649700904 6881
 45.15104334874215 6887
 45.079944277609336 6888
 45.05150464915621 6890
 44.989323088640056 6895
 44.956545211778824 6896
 44.9343719421374 6899
 44.88134890603836 6904
 44.872310888521476 6906
 44.823144073229635 6907
 44.81314200051095 6912
 44.76325214381775 6914
 44.74927334339164 6919
 44.71890560453492 6921
 44.71203671122208 6923
 44.65154224730908 6928
 44.59671160770666 6959
 44.52886622287992 6961
 44.48560424569911 6963
 44.462707934656336 6971
 44.43149664749804 6973
 44.4202895057771 6978
 44.38871669791812 6980
 44.345334213837084 6984
 44.322919930395216 6989
 44.263148507883564 6990
 44.256882149071856 6995
 44.21422270639217 6996
 44.137580317849 6998
 44.12806027273122 7004
 44.080821567842975 7005
 44.0300881628482 7007
 43.989236323671896 7012
 43.942720660185 7014
 43.92560868035304 7020
 43.877405920262994 7022
 43.87547780985939 7024
 43.83836168459006 7029
 43.79943795581735 7031
 43.79124348660204 7037
 43.76569602375432 7039
 43.673628751982335 7040
 43.65097345474002 7042
 43.62711308849545 7047
 43.58505618031688 7050
 43.528658951011536 7104
 43.487445591134545 7108
 43.44599121745711 7111
 43.36404652530404 7113
 43.32536381033178 7115
 43.31319261340904 7122
 43.258723494507294 7123
 43.25173409429424 7125
 43.247154832085684 7130
 43.154846546513255 7133
 43.12134562825067 7138
 43.07073273015613 7140
 43.068443099051855 7142
 43.06410485064375 7147
 43.05566936762799 7150
 43.03578572909085 7154
 42.971073523669965 7155
 42.911061087357865 7157
 42.88201892440361 7163
 42.8694862067802 7189
 42.86032768236309 7191
 42.79682054594446 7196
 42.736085068231006 7198
 42.695956270456044 7206
 42.673180466313504 7208
 42.64208968605542 7214
 42.57858254963679 7218
 42.57641342543274 7222
 42.517244537422215 7224
 42.477838781048604 7231
 42.41613924813335 7233
 42.357331880823494 7234
 42.321902852157315 7236
 42.31503395884448 7238
 42.269964378160296 7240
 42.18705563080542 7241
 42.18018673749259 7242
 42.14740886063136 7244
 42.08486577941453 7246
 42.058113247564556 7247
 41.969179155198425 7249
 41.9412215543462 7251
 41.896031466761784 7257
 41.840598292658235 7259
 41.78612917375649 7261
 41.7631123558135 7263
 41.72563470984348 7264
 41.6873135155719 7267
 41.654776652511124 7269
 41.55343034942181 7270
 41.52065247256058 7272
 41.50522758933177 7274
 41.468955012364006 7275
 41.42171630747577 7276
 41.370259861079646 7278
 41.36580110577132 7280
 41.32627484249748 7281
 41.311211479969344 7284
 41.23312300862347 7287
 41.19721195235639 7288
 41.19480181435189 7289
 41.189017483141086 7291
 41.16081886848841 7293
 41.15431149587626 7294
 41.133825322837986 7295
 41.07080021402025 7297
 41.04368616146961 7298
 40.94487050328502 7300
 40.88485806697292 7302
 40.8459343382002 7303
 40.81532558554303 7305
 40.764953701248935 7309
 40.75916937003813 7310
 40.75290301122642 7311
 40.73844218319941 7312
 40.731573289886576 7314
 40.70530278563751 7317
 40.685539654000586 7319
 40.68252698149496 7321
 40.65264127023914 7322
 40.62805786259321 7323
 40.619381365777 7324
 40.60949979995855 7326
 40.55406662585499 7328
 40.47597815450913 7329
 40.453322857266805 7330
 40.351133005875916 7333
 40.26810375162082 7335
 40.21652679832447 7337
 40.20929638431097 7340
 40.20086090129521 7345
 40.19242541827945 7347
 40.176880028150414 7353
 40.15301966190584 7355
 40.111565288228405 7386
 40.04709409660797 7388
 40.00636276433188 7390
 39.94418120381573 7395
 39.85886231845635 7404
 39.799211402844925 7406
 39.79137845433029 7407
 39.78402753341656 7408
 39.75944412577064 7409
 39.73148652491842 7415
 39.71907431419523 7417
 39.71401302438578 7419
 39.68810404083738 7420
 39.62664552172257 7421
 39.53313216714789 7423
 39.52325060132943 7425
 39.5202379288238 7426
 39.486616503661 7428
 39.42130176373899 7430
 39.35116674780798 7431
 39.34249025099177 7432
 39.28271882848012 7434
 39.198605012123 7436
 39.19498980511624 7437
 39.19306169471264 7439
 39.13678497230752 7440
 39.11051446805844 7443
 39.058696500961645 7444
 39.01917023768781 7445
 39.002540285456746 7447
 38.91939052430142 7449
 38.878900205825786 7450
 38.84973753597131 7452
 38.84780942556771 7453
 38.76309307470946 7455
 38.716938931923245 7457
 38.66355437512352 7458
 38.61438755983168 7459
 38.576668900061215 7462
 38.5021956357221 7464
 38.419648409067904 7465
 38.409164308748316 7468
 38.369156017873586 7469
 38.32215832678579 7470
 38.316373995574985 7472
 38.28672929811961 7474
 38.250456721151856 7475
 38.236357413825516 7477
 38.150194980164564 7479
 38.14200051094926 7480
 38.08198807463715 7481
 38.07764982622905 7485
 38.041015728560616 7487
 37.98064177154784 7495
 37.95111758099269 7499
 37.879777496059425 7501
 37.83591298437749 7503
 37.80614778002188 7504
 37.734325667487724 7505
 37.710103780542475 7506
 37.675277286377415 7507
 37.67166207937066 7508
 37.59019941481849 7509
 37.57043628318157 7511
 37.53500725451539 7513
 37.51910034368568 7514
 37.46667984208776 7516
 37.452580534761424 7520
 37.37027432190767 7521
 37.33364022423924 7522
 37.307490226890394 7523
 37.24627272157604 7524
 37.206987472102654 7526
 37.119499462539224 7527
 37.11588425553247 7528
 37.053461681215865 7529
 37.049966981109336 7530
 37.042254539494934 7531
 36.96874533035761 7532
 36.89644119022255 7534
 36.88005225179194 7542
 36.85775847525029 7544
 36.80437391845057 7546
 36.78220064880915 7548
 36.74942277194792 7551
 36.64699190675658 7553
 36.63036195452552 7555
 36.61698568860053 7557
 36.57071103891409 7562
 36.546971179569745 7564
 36.49298408826889 7565
 36.45092718009033 7566
 36.407785709809744 7568
 36.37765898475347 7569
 36.37524884674897 7571
 36.33909677668143 7573
 36.26149033293646 7575
 36.221964069662626 7576
 36.19436798951108 7577
 36.18038918908497 7578
 36.15917997464535 7580
 36.096998414129196 7582
 36.078681365294976 7583
 36.02662238439773 7584
 36.00432860785609 7586
 35.95805395816964 7588
 35.922986450204135 7590
 35.88707539393706 7602
 35.840077702849264 7605
 35.75499983129034 7608
 35.74752840347638 7611
 35.69739753298274 7614
 35.67209108393546 7622
 35.64955629359337 7624
 35.644736017584364 7625
 35.57677012585741 7627
 35.556283952819136 7629
 35.46578327075008 7630
 35.46084248784086 7631
 35.35937567785131 7632
 35.29478397933066 7636
 35.27502084769374 7637
 35.25477568845592 7638
 35.23657914652193 7640
 35.225372004800995 7641
 35.21067016297353 7643
 35.15824966137561 7645
 35.12426671551213 7647
 35.081366259031995 7648
 35.034609581744654 7652
 34.98809391825776 7653
 34.97459714543255 7654
 34.96471557961409 7695
 34.9177178885263 7696
 34.865297386928376 7698
 34.81950476484283 7701
 34.81323840603113 7703
 34.76081790443321 7706
 34.718760996254645 7708
 34.68357298138891 7710
 34.65609740813759 7713
 34.63296008329437 7715
 34.62404257267771 7720
 34.57571930568744 7726
 34.516429910776694 7729
 34.49100295482919 7732
 34.39471794154933 7734
 34.38290826532727 7736
 34.329885229228225 7739
 34.2721624240204 7741
 34.26505251690712 7743
 34.23588984705264 7744
 34.147919809888315 7746
 34.081158987163604 7748
 34.08079746646293 7749
 34.063926500431414 7756
 34.04874263100305 7758
 34.03633042027987 7760
 34.02729240276298 7762
 34.003191022717964 7764
 33.95004747971869 7766
 33.880635505189026 7769
 33.863041497756164 7771
 33.79977537513798 7772
 33.759767084263245 7774
 33.71927676578761 7776
 33.64890073605615 7778
 33.55297724347696 7781
 33.47030950992254 7782
 33.44560559537639 7786
 33.397523342186574 7788
 33.39222103857667 7789
 33.3165427052353 7791
 33.272196165952465 7793
 33.23483902688268 7797
 33.18928741859759 7799
 33.119754937167706 7801
 33.09276139151728 7803
 33.04817383843399 7805
 33.02792867919617 7807
 32.98816140212188 7809
 32.95682960806336 7811
 32.937669010927564 7812
 32.8663289259943 7814
 32.841866025248606 7815
 32.803183310276346 7817
 32.78992755125159 7818
 32.76112640209779 7819
 32.7271434562343 7820
 32.697739772579375 7821
 32.68809922056137 7825
 32.6109748044173 7827
 32.541080802286736 7828
 32.53782711598066 7855
 32.507459377123936 7856
 32.45612343762804 7858
 32.42298404006613 7861
 32.39791860481931 7862
 32.35441561383805 7864
 32.283316542705236 7868
 32.26740963187552 7870
 32.20884327836612 7872
 32.19486447794001 7874
 32.11063015468266 7876
 32.1074969752768 7878
 32.08845688504124 7882
 32.042905276756144 7887
 32.03230066953634 7888
 32.02603431072463 7890
 31.984097909446294 7892
 31.913360359014156 7894
 31.911914276211455 7896
 31.86202441951826 7901
 31.811411521423718 7902
 31.7647753510366 7904
 31.71850070135016 7905
 31.690181579797258 7907
 31.629687115884256 7908
 31.58184587649489 7909
 31.537860857912722 7910
 31.524725605788188 7911
 31.450372848349296 7912
 31.418438519789643 7913
 31.334204196532294 7914
 31.294918947058907 7916
 31.258766876991377 7924
 31.241413883358963 7926
 31.229483700236674 7928
 31.175014581334928 7930
 31.090780258077576 7932
 31.068365974635707 7934
 31.029803766563674 7937
 31.02594754575647 7939
 30.951956309018254 7940
 30.9195399528577 7942
 30.88435193799197 7946
 30.847717840323536 7950
 30.818796184269512 7976
 30.782403100401527 7979
 30.69961485994688 7982
 30.631528461319697 7986
 30.578505425220648 7989
 30.510660040393912 7991
 30.484751056845514 7992
 30.450527097181585 7995
 30.442573641766728 7997
 30.429317882741966 7999
 30.419677330723957 8004
 30.334960979865706 8006
 30.284227574870936 8007
 30.263741401832668 8011
 30.20903126913047 8013
 30.18047113377712 8014
 30.155767219230974 8018
 30.107684966041155 8020
 30.092862617313468 8023
 30.03670640180857 8026
 29.977778527598492 8027
 29.9624741512699 8029
 29.92800917780552 8032
 29.91475341878076 8034
 29.89511079404407 8038
 29.82907301272071 8039
 29.78990827014755 8041
 29.762914724497126 8044
 29.7364032064476 8047
 29.66891934232154 8048
 29.5928794882795 8050
 29.56178870802142 8054
 29.525275117253212 8055
 29.456345170324454 8057
 29.422603238261424 8060
 29.408985958535986 8062
 29.32619771808134 8065
 29.279923068394897 8067
 29.22979219790125 8069
 29.186891741421114 8071
 29.14881156094998 8073
 29.109044283875694 8081
 29.053852123572597 8087
 28.987573328448786 8092
 28.958651672394762 8100
 28.935393840651315 8106
 28.899723798184684 8107
 28.89514453597613 8110
 28.8594744935095 8112
 28.85501573820117 8114
 28.824045464843316 8116
 28.785001229170383 8122
 28.74607750039767 8124
 28.663289259943024 8127
 28.64449018350791 8129
 28.620388803462887 8137
 28.574114153776446 8141
 28.534828904303062 8145
 28.488433747716392 8147
 28.454209788052463 8149
 28.43830287722275 8159
 28.356358185069677 8164
 28.292851048651045 8173
 28.258868102787567 8176
 28.223439074121384 8179
 28.114018808716988 8180
 28.07943332835238 8183
 28.04665545149115 8192
 28.031230568262337 8197
 27.993391401591655 8200
 27.971941173351585 8207
 27.925184496064244 8210
 27.92012320625479 8214
 27.910362147336556 8216
 27.90361376092395 8219
 27.86794371845732 8221
 27.83793750030127 8223
 27.83215316909046 8226
 27.78611953320447 8235
 27.766717922268228 8239
 27.733337510905873 8244
 27.703451799650047 8249
 27.65934627416766 8252
 27.657538670664284 8256
 27.6201815315945 8262
 27.583306420125616 8265
 27.53498315313535 8266
 27.520040297507435 8271
 27.434600905247834 8272
 27.380493307046763 8275
 27.362417272012994 8277
 27.32337303634006 8279
 27.28601589727028 8280
 27.255286637712874 8285
 27.246610140896667 8287
 27.232631340470554 8290
 27.19286406339627 8292
 27.161773283138192 8294
 27.15249425182086 8297
 27.11405255064905 8299
 27.05223251083357 8303
 27.031264310194402 8307
 27.00077606443745 8310
 26.927266855300136 8311
 26.89834519924611 8315
 26.85303460476147 8317
 26.828933224716447 8319
 26.779766409424603 8321
 26.71481319020327 8323
 26.67468439242831 8325
 26.622866425331516 8327
 26.57128947203517 8329
 26.55923878201266 8330
 26.558877261311984 8332
 26.527545467253454 8334
 26.484645010773317 8336
 26.476812062258684 8338
 26.463315289433474 8339
 26.42993487807112 8340
 26.4096897188333 8342
 26.394746863205388 8343
 26.38510631118738 8345
 26.312802171052315 8346
 26.264599410962273 8347
 26.191090201824956 8349
 26.178316470401096 8350
 26.155902186959224 8351
 26.151322924750673 8352
 26.1274625585061 8370
 26.123726844599123 8373
 26.06287085998544 8379
 26.039251507541323 8387
 26.018283306902152 8389
 25.972490684816613 8391
 25.95971695339275 8393
 25.90850152079708 8396
 25.885364195953862 8398
 25.855719498498484 8404
 25.824146690639505 8406
 25.787874113671748 8408
 25.744491629590712 8411
 25.719185180543437 8413
 25.70858057332363 8416
 25.651098781916254 8426
 25.64374786100252 8427
 25.632058691680687 8429
 25.582891876388842 8432
 25.53589418530105 8435
 25.533484047296547 8437
 25.51661308126503 8440
 25.46744626597319 8443
 25.40960295386514 8446
 25.395865167239474 8447
 25.33247853772107 8450
 25.26993545650424 8454
 25.2241428344187 8456
 25.19015988855522 8460
 25.128219341839515 8463
 25.075196305740466 8470
 25.062663588117054 8475
 25.030367738856725 8481
 25.016629952231064 8488
 25.006507372612155 8490
 24.9140785801395 8492
 24.857440337033697 8495
 24.838038726097455 8497
 24.80911707004343 8499
 24.761998872055415 8505
 24.753322375239208 8507
 24.712711549863347 8509
 24.663544734571502 8511
 24.658724458562496 8515
 24.62956178870802 8517
 24.59316870484004 8522
 24.577502807810774 8524
 24.550991289761253 8526
 24.514477698993044 8528
 24.511224012686966 8530
 24.48338691873497 8533
 24.425302592826466 8536
 24.41722863051138 8539
 24.3793894638407 8541
 24.277079105549582 8544
 24.26117219471987 8547
 24.21393348983163 8549
 24.168381881546537 8556
 24.148257229208944 8559
 24.08113488578356 8591
 24.077278664976358 8597
 24.04763396752098 8600
 24.033173139493968 8607
 24.029075904886312 8610
 23.960868999358905 8616
 23.93929826421861 8620
 23.907845963259856 8622
 23.892421080031042 8627
 23.883985597015286 8632
 23.859643203169814 8635
 23.826383298707682 8640
 23.781795745624393 8642
 23.720457733409816 8648
 23.698284463768395 8650
 23.600553367685833 8656
 23.57018562882911 8659
 23.488240936676036 8664
 23.48269761926568 8681
 23.448232645801298 8683
 23.41593679654097 8690
 23.401234954713505 8692
 23.37279532626038 8698
 23.337004776893526 8700
 23.307360079438148 8706
 23.296273444617437 8709
 23.239153173910736 8713
 23.235537966903983 8715
 23.201555021040505 8716
 23.17010272008175 8719
 23.113584983876176 8721
 23.097075538545337 8722
 23.01199766698641 8725
 23.006695363376508 8726
 22.971025320909874 8728
 22.95174421687386 8729
 22.892695835763554 8731
 22.8861884631514 8733
 22.859676945101878 8734
 22.844372568773288 8737
 22.83774468926091 8859
 22.836057592657756 8862
 22.82882717864425 8865
 22.79038547747244 8873
 22.758933176513686 8877
 22.74206221048217 8880
 22.74013410007857 8885
 22.696269588396632 8890
 22.69410046419258 8893
 22.662045628732702 8898
 22.658189407925498 8901
 22.646138717902986 8907
 22.62384494136134 8910
 22.5761242088722 8915
 22.555517528933706 8919
 22.498156244426557 8923
 22.484900485401795 8925
 22.472488274678607 8926
 22.4652578606651 8927
 22.448266387733362 8931
 22.407535055457277 8932
 22.400304641443768 8934
 22.38620533411743 8939
 22.344991974240443 8941
 22.324264787401727 8942
 22.295945665848826 8944
 22.279797741218662 8945
 22.273049354806055 8947
 22.253165716268914 8949
 22.243284150450453 8950
 22.227859267221643 8954
 22.218218715203633 8955
 22.163267568700984 8971
 22.08795075606029 8972
 22.05505237229884 8974
 22.00889822951262 8975
 21.99612449808876 8980
 21.89441667429877 8981
 21.862361838838893 8983
 21.850672669517056 8984
 21.759328439146426 8985
 21.743421528316713 8989
 21.68871139561451 8990
 21.681480981601005 8992
 21.676058171090876 8998
 21.570253112693234 9000
 21.553864174262618 9001
 21.518194131795987 9008
 21.51168675918383 9010
 21.438418563846966 9011
 21.371416727321808 9015
 21.33092640884617 9017
 21.312127332411055 9018
 21.277903372747122 9022
 21.239100150874638 9024
 21.23391835416496 9028
 21.22572388494965 9029
 21.193669049489774 9030
 21.175231493755334 9032
 21.169929190145428 9037
 21.164144858934623 9038
 21.123654540458986 9041
 21.08268219438245 9044
 20.999050405626225 9045
 20.948437507531683 9047
 20.932289582901518 9051
 20.908429216656945 9053
 20.881074150305846 9056
 20.86890295338311 9058
 20.865287746376357 9060
 20.80443176176268 9065
 20.7997319926539 9074
 20.7406836115436 9081
 20.715136148695873 9084
 20.69922923786616 9090
 20.664041223000428 9092
 20.61619998361106 9094
 20.613789845606558 9096
 20.564382016514266 9098
 20.55715160250076 9099
 20.52461473943998 9102
 20.496657138587757 9105
 20.484365434764793 9107
 20.427727191658995 9109
 20.404107839214873 9111
 20.396877425201367 9112
 20.378439869466927 9114
 20.34144425109782 9115
 20.305774208631185 9117
 20.28769817359742 9118
 20.236121220301076 9120
 20.217201636965733 9121
 20.1824956497009 9122
 20.14754864863562 9123
 20.116698882177992 9125
 20.0927180090332 9127
 20.079823770709112 9134
 20.027282762210966 9136
 19.94642263215992 9137
 19.94015627334821 9138
 19.922080238314447 9141
 19.911234617294188 9143
 19.874841533426203 9145
 19.85302978448546 9147
 19.82025190762423 9148
 19.792294306772007 9149
 19.787474030763 9155
 19.74987587789277 9156
 19.726136018548424 9157
 19.71143417672096 9159
 19.680584410263332 9162
 19.669136254741947 9163
 19.649132109304578 9165
 19.61117243573367 9175
 19.60080884231431 9179
 19.55381115122652 9181
 19.53187889538555 9183
 19.522840877868667 9184
 19.415469229768096 9188
 19.397634208534782 9191
 19.383293887407994 9194
 19.36762799037873 9196
 19.345093200036633 9199
 19.308941129969103 9202
 19.293034219139386 9207
 19.290383067334435 9210
 19.268932839094365 9213
 19.257364176672755 9215
 19.227237451616478 9218
 19.199279850764256 9220
 19.180842295029812 9223
 19.100102671878993 9225
 19.095402902770214 9227
 19.09202870956391 9229
 19.084075254149052 9230
 19.056238160197054 9233
 19.017314431424342 9235
 19.007191851805434 9239
 18.958627571014716 9240
 18.958145543413817 9242
 18.9422386325841 9243
 18.901025272707116 9244
 18.873308685655342 9245
 18.867162833743862 9247
 18.851737950515048 9248
 18.828359611871377 9249
 18.765816530654547 9266
 18.758706623541265 9273
 18.687728059308675 9278
 18.67652091758774 9279
 18.63398198180828 9281
 18.616508481275638 9284
 18.608675532761005 9288
 18.543360792839 9291
 18.53540733742414 9293
 18.525646278505906 9296
 18.463223704189303 9298
 18.42755366172267 9300
 18.3782663395306 9302
 18.35151380768063 9310
 18.336570952052714 9407
 18.30222648548856 9409
 18.277643077842637 9411
 18.274268884636335 9412
 18.2620976877136 9414
 18.260290084210222 9416
 18.187262902673808 9419
 18.16653571583509 9422
 18.154726039613028 9423
 18.137373045980613 9424
 18.103149086316684 9426
 18.101341482813307 9428
 18.080975816675263 9431
 18.05807950563249 9433
 18.040726512000077 9435
 18.018071214757757 9437
 17.967699330463663 9438
 17.956251174942278 9440
 17.955046105940028 9445
 17.930944725895003 9450
 17.922509242879247 9452
 17.87743966219506 9459
 17.841769619728424 9475
 17.807545660064495 9477
 17.807304646264043 9495
 17.736687602732133 9497
 17.703186684469554 9499
 17.69740235325875 9501
 17.68330304593241 9506
 17.630400516733587 9510
 17.598707201974385 9512
 17.57918508413792 9513
 17.576292918532516 9515
 17.54881734528119 9517
 17.520859744428964 9518
 17.488322881368187 9520
 17.445060904187375 9522
 17.388422661081574 9523
 17.37962565736514 9527
 17.37721551936064 9528
 17.358777963626196 9529
 17.34142496999378 9531
 17.3357611456832 9532
 17.309852162134803 9533
 17.274423133468623 9534
 17.223810235374078 9535
 17.1956116207214 9536
 17.187658165306544 9538
 17.18331991689844 9539
 17.178620147789662 9540
 17.15716991954959 9541
 17.12776623589467 9547
 17.10655702145505 9549
 17.10017015574312 9551
 17.08366071041228 9554
 17.080286517205977 9556
 17.06196946837176 9571
 17.05329297155555 9574
 17.017984449789594 9580
 17.01665887388712 9581
 16.998823852653803 9584
 16.98532707982859 9586
 16.954477313370962 9591
 16.946523857956105 9593
 16.924350588314688 9596
 16.920735381307935 9598
 16.81589437811209 9599
 16.790467422164593 9600
 16.78142940464771 9601
 16.755881941799988 9603
 16.748531020886254 9605
 16.705630564406118 9607
 16.622721817051243 9608
 16.59669232660262 9610
 16.557407077129238 9611
 16.54499486640605 9614
 16.53487228678714 9618
 16.49281537860858 9621
 16.49088726820498 9623
 16.482572292089444 9625
 16.448589346225965 9628
 16.37556216468955 9629
 16.373754561186175 9631
 16.300727379649757 9634
 16.2654188578838 9635
 16.246499274548462 9637
 16.205526928471926 9640
 16.19407877295054 9643
 16.18636633133613 9644
 16.177810341420148 9647
 16.124064263919752 9649
 16.122256660416376 9651
 16.07164376232183 9653
 16.065377403510126 9656
 16.0628467586054 9658
 16.059954592999997 9665
 16.034045609451596 9669
 16.00271381539307 9676
 16.000544691189017 9681
 15.97535874904197 9685
 15.958246769210005 9691
 15.956318658806403 9693
 15.920889630140222 9694
 15.879194242662335 9697
 15.864010373233972 9700
 15.856297931619565 9701
 15.82809931696689 9705
 15.768086880654787 9707
 15.730970755385453 9709
 15.72566845177555 9711
 15.724222368972848 9714
 15.710966609948086 9716
 15.696505781921072 9721
 15.665656015463446 9723
 15.635529290407169 9726
 15.604559017049317 9728
 15.601425837643463 9730
 15.600220768641213 9734
 15.54020833232911 9735
 15.468386219794946 9738
 15.464047971386842 9741
 15.445248894951725 9743
 15.415363183695899 9745
 15.387646596644124 9748
 15.370293603011708 9750
 15.368968027109233 9753
 15.354145678381544 9755
 15.313775866806134 9757
 15.28184153824648 9760
 15.261355365208212 9762
 15.243158823274221 9768
 15.223034170936629 9773
 15.222552143335728 9778
 15.185677031866845 9781
 15.156273348211919 9790
 15.15301966190584 9795
 15.144704685790309 9796
 15.114577960734032 9799
 15.109998698525478 9801
 15.083969208076855 9803
 15.073123587056594 9808
 15.052155386417427 9810
 15.04540700000482 9812
 15.013713685245618 9815
 14.982381891187089 9817
 14.964908390654449 9820
 14.961775211248597 9824
 14.905980516444371 9826
 14.845968080132268 9828
 14.833676376309308 9830
 14.817287437878694 9832
 14.814997806774416 9834
 14.805357254756407 9838
 14.804393199554607 9840
 14.768964170888426 9843
 14.751490670355784 9845
 14.696539523853136 9846
 14.685934916633327 9850
 14.671956116207214 9852
 14.640383308348236 9859
 14.619535614609292 9862
 14.618571559407492 9868
 14.587239765348963 9903
 14.552172257383457 9911
 14.541085622562749 9917
 14.470709592831286 9920
 14.467817427225883 9929
 14.452995078498194 9933
 14.420217201636966 9934
 14.419253146435166 9936
 14.387921352376637 9940
 14.381534486664707 9942
 14.362855917129815 9944
 14.345020895896498 9947
 14.329596012667686 9949
 14.327908916064533 9950
 14.285852007885971 9955
 14.280308690475616 9957
 14.25632781733082 9959
 14.209691646943703 9963
 14.197640956921193 9964
 14.178118839084727 9966
 14.165827135261765 9969
 14.164140038658614 9972
 14.133531286001437 9975
 14.124131747783878 9976
 14.108706864555064 9978
 14.086051567312744 9981
 14.060745118265471 9984
 14.043392124633057 9987
 14.040017931426753 9989
 14.00687853386485 9992
 13.987597429828831 10002
 13.96795480509214 10006
 13.957229690972104 10008
 13.929031076319431 10010
 13.921921169206149 10011
 13.91035250678454 10014
 13.903363106571483 10017
 13.884684537036591 10019
 13.850701591173111 10020
 13.821538921318634 10025
 13.78273569944615 10027
 13.747668191480644 10030
 13.665241471726672 10031
 13.643068202085251 10032
 13.622582029046983 10033
 13.603662445711642 10034
 13.601252307707139 10038
 13.566184799741633 10039
 13.514848860245738 10042
 13.49460370100792 10043
 13.477009693575054 10045
 13.430494030088163 10046
 13.40446453963954 10048
 13.398680208428734 10049
 13.395065001421981 10050
 13.391449794415228 10074
 13.375783897385965 10079
 13.360961548658276 10081
 13.34168044462226 10084
 13.333485975406951 10085
 13.299503029543471 10087
 13.294321232833791 10091
 13.282752570412182 10099
 13.264435521577965 10101
 13.248890131448928 10104
 13.238285524229118 10107
 13.135975165938001 10109
 13.115971020500634 10110
 13.114765951498383 10112
 13.088615954149535 10114
 13.085362267843458 10116
 13.07861388143085 10117
 13.060296832596634 10167
 13.045836004569622 10168
 13.041136235460842 10170
 13.02571135223203 10175
 13.021132090023475 10176
 13.012576100107491 10178
 12.984136471654367 10181
 12.980762278448063 10182
 12.963529791715874 10184
 12.863991092129936 10186
 12.851458374506525 10194
 12.837479574080412 10196
 12.835792477477261 10197
 12.82844155656353 10199
 12.800724969511755 10200
 12.755052854326438 10202
 12.739989491798301 10203
 12.725649170671513 10204
 12.722877511966335 10207
 12.715647097952829 10209
 12.681664152089349 10210
 12.676723369180118 10213
 12.642499409516189 10214
 12.629243650491427 10215
 12.61442130176374 10217
 12.601286049639203 10224
 12.5988759116347 10226
 12.591886511421643 10228
 12.57525655919058 10230
 12.572484900485401 10239
 12.524282140395359 10243
 12.510785367570147 10248
 12.499216705148537 10257
 12.480538135613646 10260
 12.417272012995465 10265
 12.411608188684884 10269
 12.391845057047966 10272
 12.386542753438063 10273
 12.380276394626357 10277
 12.335447827742616 10279
 12.274109815528037 10280
 12.26471027731048 10283
 12.238439773061405 10285
 12.233740003952626 10287
 12.229040234843847 10292
 12.226148069238445 10294
 12.223737931233943 10297
 12.222773876032141 10299
 12.123596697146878 10301
 12.116366283133372 10303
 12.101784948206134 10309
 12.096482644596229 10311
 12.076960526759763 10312
 12.068525043744005 10316
 12.045990253401909 10317
 12.044544170599208 10320
 12.027311683867019 10322
 11.925362846276577 10325
 11.917891418462622 10328
 11.889933817610396 10330
 11.877401099986985 10331
 11.873183358479107 10334
 11.849081978434086 10337
 11.847635895631385 10339
 11.845466771427333 10346
 11.807507097856423 10351
 11.800517697643366 10352
 11.77509074169587 10354
 11.741710330333515 10359
 11.73761309572586 10360
 11.729900654111454 10362
 11.728454571308752 10365
 11.727008488506051 10367
 11.695435680647075 10369
 11.690133377037169 10371
 11.664706421089672 10375
 11.644340754951628 10376
 11.643738220450503 10378
 11.631326009727317 10381
 11.627349282019889 10382
 11.616262647199179 10384
 11.611442371190174 10387
 11.5837257841384 10389
 11.577338918426468 10391
 11.55564767638595 10393
 11.551911962478972 10395
 11.546609658869066 10397
 11.508770492198384 10400
 11.49382763657047 10402
 11.481294918947059 10405
 11.470208284126349 10407
 11.454060359496184 10410
 11.434176720959043 10411
 11.417787782528428 10413
 11.40790621670997 10415
 11.406460133907267 10416
 11.388143085073052 10417
 11.359582949719702 10419
 11.270046322852446 10424
 11.267395171047495 10426
 11.26209286743759 10428
 11.237509459791667 10430
 11.222084576562853 10431
 11.203767527728639 10433
 11.196416606814907 10436
 11.191716837706126 10437
 11.136283663602578 10440
 11.130860853092448 10442
 11.129655784090197 10444
 11.123750945979166 10450
 11.074102103086423 10465
 11.0490366678396 10469
 11.033129757009887 10474
 11.027827453399981 10477
 11.022525149790077 10478
 11.011076994268691 10480
 11.000231373248432 10482
 10.978901651908588 10486
 10.968297044688779 10487
 10.963476768679774 10492
 10.956366861566494 10494
 10.942147047339931 10496
 10.928168246913819 10500
 10.924312026106614 10502
 10.90153622196407 10503
 10.887316407737506 10507
 10.855020558477179 10509
 10.755843379591916 10512
 10.744515730970756 10514
 10.730536930544643 10516
 10.691974722472608 10519
 10.690287625869457 10521
 10.675224263341319 10524
 10.672693618436591 10527
 10.652086938498098 10528
 10.645820579686394 10530
 10.640277262276038 10532
 10.63111873785893 10534
 10.62051413063912 10536
 10.569901232544575 10538
 10.544594783497303 10540
 10.538207917785373 10542
 10.531700545173216 10544
 10.52941091406894 10545
 10.516034648143952 10547
 10.514588565341251 10562
 10.512539948037425 10604
 10.494463913003658 10607
 10.454937649729823 10609
 10.452165991024646 10610
 10.429751707582776 10612
 10.428305624780075 10615
 10.404204244735054 10619
 10.397696872122898 10626
 10.393840651315694 10629
 10.393238116814569 10635
 10.314426604067348 10640
 10.309847341858795 10642
 10.275020847693739 10644
 10.257306333360647 10646
 10.245135136437913 10649
 10.235253570619454 10651
 10.232361405014052 10654
 10.226336060002795 10661
 10.222359332295367 10664
 10.208862559470155 10669
 10.203801269660701 10671
 10.186689289828736 10675
 10.098478238863958 10677
 10.097755197462607 10679
 10.058469947989222 10683
 10.050275478773914 10684
 10.046298751066486 10687
 10.044370640662885 10689
 10.038586309452079 10692
 9.9503752584873 10694
 9.939529637467041 10697
 9.932540237253985 10700
 9.911331022814366 10701
 9.908197843408514 10704
 9.90410060880086 10709
 9.868430566334228 10715
 9.780219515369451 10718
 9.777809377364948 10725
 9.775399239360446 10729
 9.74033173139494 10731
 9.719484037655997 10733
 9.71177159604159 10739
 9.68393450208959 10742
 9.678873212280136 10743
 9.658387039241868 10746
 9.589939119914007 10748
 9.569332439975513 10749
 9.556558708551652 10752
 9.540049263220812 10761
 9.538241659717436 10766
 9.514260786572638 10770
 9.514019772772189 10780
 9.4977513412418 10784
 9.483772540815687 10786
 9.456778995165264 10787
 9.45195871915626 10790
 9.41869881469413 10792
 9.412552962782648 10795
 9.409419783376796 10796
 9.373508727109714 10798
 9.366519326896658 10799
 9.342538453751862 10800
 9.329764722328001 10801
 9.308555507888382 10802
 9.304699287081178 10804
 9.296504817865872 10805
 9.290720486655065 10808
 9.287587307249213 10810
 9.285779703745836 10812
 9.284815648544036 10814
 9.280115879435256 10816
 9.275777631027152 10818
 9.264690996206443 10822
 9.2448073576693 10824
 9.23890251955827 10826
 9.229743995141162 10828
 9.190699759468227 10830
 9.18395137305562 10832
 9.135146078464453 10834
 9.132133405958825 10836
 9.130687323156124 10838
 9.125023498845543 10840
 9.056937100218358 10842
 9.04681452059945 10844
 9.042958299792247 10846
 9.004275584819986 10848
 8.976679504668438 10849
 8.96848503545313 10850
 8.930525361882221 10851
 8.892565688311313 10853
 8.89015555030681 10854
 8.88895048130456 10855
 8.882081587991728 10857
 8.870392418669892 10858
 8.863162004656386 10860
 8.86304149775616 10861
 8.857257166545356 10864
 8.855811083742655 10877
 8.851834356035226 10893
 8.850870300833426 10894
 8.83327629340056 10895
 8.822069151679624 10896
 8.809536434056215 10897
 8.74193206302993 10898
 8.730363400608319 10900
 8.716384600182206 10901
 8.71409496907793 10902
 8.695657413343488 10903
 8.673122623001394 10905
 8.672640595400493 10907
 8.65842078117393 10919
 8.639983225439488 10921
 8.634439908029133 10922
 8.621063642104147 10927
 8.62022009380257 10929
 8.619617559301446 10930
 8.611423090086138 10932
 8.592985534351698 10936
 8.579127240825809 10937
 8.571414799211404 10941
 8.561774247193394 10943
 8.525622177125863 10945
 8.52321203912136 10948
 8.48826503805608 10950
 8.487783010455178 10952
 8.480673103341898 10953
 8.432952370852755 10957
 8.425119422338122 10959
 8.358358599613414 10961
 8.348718047595405 10964
 8.318229801838454 10965
 8.310276346423596 10968
 8.26291713463513 10972
 8.206158384629104 10974
 8.205917370828654 10978
 8.198325436114471 10979
 8.188202856495563 10982
 8.180008387280255 10984
 8.178080276876655 10992
 8.130841571988412 10996
 8.121201019970403 11002
 8.064562776864603 11010
 8.051789045440742 11017
 8.049981441937366 11019
 8.031182365502248 11020
 8.011057713164655 11022
 8.008406561359703 11027
 7.982979605412206 11029
 7.976351725899825 11031
 7.973941587895323 11034
 7.918026386190873 11036
 7.8932019647445015 11038
 7.872836298606458 11043
 7.8675339949965535 11045
 7.8562063463753935 11047
 7.849939987563688 11050
 7.848252890960536 11059
 7.824151510915515 11061
 7.768477323011516 11062
 7.747027094771447 11066
 7.737989077254563 11068
 7.730758663241057 11070
 7.719310507719672 11075
 7.712923642007741 11077
 7.667854061323552 11080
 7.6664079785208505 11082
 7.657610974804418 11084
 7.635317198262772 11095
 7.628568811850166 11097
 7.606275035308522 11099
 7.5980805660932145 11102
 7.59326029008421 11105
 7.578076420655846 11109
 7.563254071928158 11112
 7.562290016726358 11115
 7.559397851120955 11132
 7.5445755023932675 11148
 7.542165364388765 11150
 7.524450850055675 11151
 7.509628501327986 11154
 7.498903387207951 11159
 7.493119055997147 11160
 7.487816752387242 11161
 7.486852697185441 11162
 7.480706845273961 11163
 7.4792607624712595 11165
 7.47431997956203 11166
 7.468535648351224 11168
 7.466848551748073 11169
 7.4654024689453715 11172
 7.4581720549318655 11174
 7.422863533165909 11176
 7.419248326159156 11192
 7.410330815542498 11193
 7.407438649937095 11194
 7.403461922229667 11196
 7.385867914796801 11197
 7.379360542184646 11199
 7.335857551203382 11200
 7.309948567654984 11202
 7.284280597907036 11203
 7.282472994403659 11205
 7.24873106234063 11208
 7.240898113825998 11210
 7.226437285798985 11211
 7.224147654694708 11212
 7.210650881869496 11213
 7.204625536858241 11215
 7.19872069874721 11217
 7.188477612228076 11218
 7.184500884520648 11220
 7.181367705114795 11222
 7.179680608511643 11225
 7.178596046409617 11226
 7.177993511908491 11228
 7.155940749167297 11259
 7.154012638763696 11262
 7.128706189716423 11264
 7.121475775702916 11266
 7.09677186115677 11267
 7.091951585147766 11269
 7.058812187585861 11279
 7.053389377075732 11281
 7.02386518652058 11282
 6.915408976317984 11283
 6.821534101042626 11288
 6.811893549024617 11290
 6.7166930978467825 11293
 6.682951165783753 11295
 6.662464992745485 11298
 6.63426637809281 11300
 6.625589881276602 11302
 6.543645189123529 11308
 6.471100035188015 11310
 6.4009650192570025 11311
 6.376502118511306 11315
 6.314923092496277 11316
 6.308656733684571 11318
 6.302872402473765 11322
 6.285639915741576 11324
 6.238160197052883 11326
 6.215022872209663 11328
 6.156456518700261 11330
 6.134283249058841 11371
 6.080657678458668 11378
 6.06535330213008 11382
 6.038841784080557 11387
 5.997387410403119 11393
 5.94099018109777 11397
 5.897366683216281 11402
 5.87965216888319 11405
 5.839884891808905 11411
 5.819760239471312 11415
 5.815301484162983 11419
 5.800479135435295 11421
 5.763242503265737 11423
 5.726608405597305 11426
 5.723716239991902 11428
 5.6908178562304474 11431
 5.6861180871216686 11433
 5.6547862930631405 11435
 5.625623623208665 11437
 5.622249430002362 11443
 5.614295974587505 11446
 5.610198739979851 11449
 5.585976853034604 11451
 5.576336301016596 11453
 5.548981234665497 11455
 5.546089069060095 11459
 5.539702203348163 11460
 5.520421099312147 11463
 5.51319068529864 11465
 5.505960271285134 11469
 5.501983543577706 11477
 5.496560733067575 11480
 5.4896918397547445 11483
 5.482822946441913 11485
 5.478846218734485 11487
 5.47306188752368 11491
 5.470892763319628 11494
 5.469808201217602 11496
 5.464746911408147 11498
 5.460770183700719 11500
 5.458239538795992 11504
 5.455708893891265 11505
 5.453539769687212 11511
 5.452455207585186 11512
 5.370269501631664 11519
 5.364846691121533 11521
 5.34918079409227 11523
 5.326284483049499 11527
 5.319295082836443 11529
 5.300375499501102 11531
 5.291940016485344 11534
 5.285312136972963 11536
 5.282419971367561 11544
 5.271212829646625 11547
 5.266754074338297 11553
 5.2572340292205135 11556
 5.2551854119166865 11562
 5.203487951720115 11570
 5.157936343435025 11574
 5.1163614628573635 11585
 5.070568840771823 11591
 5.0356218397065415 11594
 4.945241664537711 11601
 4.927768164005071 11604
 4.9230683948962914 11614
 4.906197428864777 11617
 4.878239828012552 11618
 4.868237755293868 11620
 4.808948360383115 11629
 4.782918869934493 11632
 4.7548407621820425 11635
 4.739295372053004 11638
 4.709650674597627 11643
 4.680005977142251 11646
 4.662411969709385 11668
 4.63421335505671 11679
 4.623126720236001 11681
 4.6175834028256455 11683
 4.5903488433747714 11686
 4.566608984030426 11696
 4.550943087001162 11698
 4.5311799553642444 11700
 4.511898851328227 11703
 4.496112447398738 11705
 4.489966595487258 11710
 4.485869360879604 11711
 4.467311298244938 11713
 4.450801852914098 11717
 4.442004849197665 11720
 4.4248928693657 11723
 4.4077808895337345 11730
 4.40151453072203 11733
 4.395248171910324 11736
 4.383679509488713 11746
 4.372472367767778 11750
 4.361265226046844 11754
 4.350058084325909 11765
 4.341984122010826 11767
 4.337645873602723 11770
 4.332223063092592 11772
 4.325595183580212 11776
 4.322703017974809 11779
 4.31800324886603 11781
 4.316918686764004 11783
 4.315593110861528 11785
 2.4967824657639897 11788
 2.4630405337009598 11792
 2.443277402064042 11794
 2.437252057052787 11797
 2.422670722125549 11799
 2.4130301701075405 11801
 2.3738654275343807 11805
 2.3737449206341554 11807
 2.3726603585321295 11810
 2.3678400825231254 11812
 2.3467513749837314 11814
 2.3443412369792296 11816
 2.3425336334758526 11819
 2.335303219462346 11821
 2.3318085193558185 11825
 2.3308444641540174 11827
 2.3284343261495155 11830
 2.3085506876123727 11832
 2.307707139310797 11835
 2.2956564492882863 11836
 2.290836173279282 11838
 2.2899926249777063 11842
 2.289631104277031 11844
 2.2239548436543477 11851
 2.2111811122304865 11853
 2.204071205117205 11855
 2.202143094713603 11856
 2.201540560212478 11864
 2.190453925391768 11867
 2.1835850320789367 11873
 2.106460615934868 11879
 2.088987115402228 11882
 2.0660908043594577 11885
 2.0468097003234407 11888
 2.006801409448705 11890
 1.9971608574306965 11893
 1.9441378213316494 11894
 1.9161802204794247 11896
 1.8785820676091913 11897
 1.8653263085844296 11898
 1.8580958945709232 11899
 1.8356816111290533 11900
 1.8272461281132957 11902
 1.8192926726984386 11903
 1.8149544242903348 11904
 1.801698665265573 11912
 1.7944682512520667 11914
 1.783502123331582 11915
 1.775548667916725 11917
 1.7473500532640498 11919
 1.7460244773615736 11921
 1.7356608839422145 11926
 1.723610193919704 11940
 1.7216820835161022 11947
 1.7026419932805352 11954
 1.660585085101973 11959
 1.598524031486043 11996
 1.547911133391498 12003
 1.5171818738340956 12006
 1.4575309582226679 12011
 1.3978800426112399 12014
 1.3623305070448335 12016
 1.344857006512193 12017
 1.2870136944041415 12021
 1.2641173833613712 12023
 1.252669227839986 12026
 1.196030984734186 12028
 1.1460206211407664 12030
 1.112881223578862 12032
 1.0701012739989493 12035
 1.0279238589201618 12037
 0.9923743233537552 12039
 0.9779134953267424 12042
 0.9682729433087338 12044
 0.9224803212231932 12046
 0.8815079751466569 12048
 0.8592141986050121 12051
 0.815229180022848 12053
 0.7712441614406841 12055
 0.7543731954091691 12057
 0.7375022293776542 12060
 0.7049653663168753 12062
 0.6706208997527199 12064
 0.6362764331885644 12066
 0.601931966624409 12068
 0.576022983076011 12070
 0.5615621550489981 12072
 0.5434861200152321 12074
 0.5193847399702107 12076
 0.5067315154465745 12079
 0.4850402734060552 12080
 0.472387048882419 12082
 0.4549135483497785 12085
 0.4458755308328955 12101
 0.4350299098126359 12105
 0.42418428879237624 12115
 0.41153106426874003 12118
 0.40128797774960595 12120
 0.38923728772709526 12122
 0.38562208072034204 12124
 0.37718659770458457 12128
 0.36995618369107813 12130
 0.3687511146888271 12132
 0.32054835459878434 12136
 0.31934328559653324 12138
 0.3115103370819013 12140
 0.30162877126344256 12143
 0.2943983572499361 12145
 0.281865639626525 12147
 0.27584029461526965 12149
 0.2657177149963607 12151
 0.2633075769918585 12188
 0.23414490713738267 12213
 0.23318085193558183 12215
 0.2239018206182486 12216
 0.21667140660474218 12223
 0.21426126860024006 12255
 0.19401610936242208 12288
 0.19293154726039613 12295
 0.19148546445769485 12297
 0.18859329885229228 12298
 0.18570113324688972 12302
 0.17726565023113222 12310
 0.1765426088297816 12312
 0.17581956742843094 12314
 0.17051726381852625 12320
 0.16690205681177303 12321
 0.15328477708633598 12323
 0.1449698009708036 12326
 0.13942648356044868 12337
 0.13882394905932313 12339
 0.13159353504581672 12341
 0.1312320143451414 12344
 0.12882187634063927 12346
 0.12858086254018905 12348
 0.11460206211407666 12374
 0.11424054141340133 12376
 0.08821105096477824 12422
 0.08459584395802504 12428
 0.08206519905329779 12431
 0.07989607484924587 12433
 0.06929146762943646 12454
 0.0577228052078262 12456
 0.04422603238261423 12476
 0.036875111468882706 12478
 0.029524190555151188 12480
 0.028078107752449906 12482
 0.023980873144796272 12485
 0.0227758041425452 12487
 0.022173269641419666 12491
 0.02024515923781796 12494
 0.019160597135791997 12496
 0.0174735005326405 12501
 0.010243086519134085 12503
 0.007953455414857055 12538
 0.007109907113281307 12600
 0.006627879512380879 12605
